Zv 10.000
12 9.556
28 10.198
43 10.199
53 14.180
70 15.833
76 15.354
79 15.647
80 14.453
85 15.387
90 14.851
99 15.346
100 15.188
164 15.332
147 13.970
129 11.396
111 14.180
242 12.449
410 12.683
420 12.745
431 11.665
446 6.847
457 6.133
466 7.051
474 6.440
491 9.930
496 12.432
2092 is missing
2259 7.384
2271 13.107
2285 11.026
205 11.939
206 11.713
213 11.318
217 10.689
218 10.631
241 12.301
301 16.498
305 17.360
308 17.432
309 17.699
313 18.221
326 19.149
331 20.917
337 22.669
342 24.250


