Zv 22 10 09.49 07.11 2.38 31 29 18.90 21.610 -2.72 -2.51
12 20 08 08.67 09.83 -1.16 30 39 48.78 44.97 3.81 3.58
28 18 28 21.19 22.06 -0.87 30 50 25.59 23.10 2.49 2.36
43 17 03 02.49 03.90 -1.41 31 16 26.04 20.32 5.72 5.47
53 14 29 45.85 46.43 -0.58 30 15 06.78 2.310 4.47 4.31
70 13 49 53.12 53.62 -0.50 29 39 18.51 13.34 5.17 5.02
76 13 13 57.80 58.50 -0.70 30 06 35.00 34.40 0.60 0.60
79 12 51 56.10 57.50 -1.40 29 57 22.10 20.60 1.50 1.50
80 12 46 34.02 34.55 -0.53 30 51 14.00 10.25 3.75 3.66
85 11 36 14.30 13.60 0.70 30 24 43.80 39.00 4.80 4.70
90 10 49 22.80 24.40 -1.60 31 06 44.50 45.30 -0.80 -0.80
99 10 16 43.55 44.97 -1.42 30 58 48.63 46.32 2.31 2.27
100 10 14 45.25 48.96 -3.71 31 04 07.89 01.44 6.45 6.35
164 08 37 11.24 09.64 1.60 31 24 10.22 07.92 2.30 2.27
147 07 04 17.23 15.34 1.89 31 19 09.44 07.46 1.98 1.96
129 05 48 22.23 18.76 3.47 31 46 62.61 58.60 4.01 3.99
111 04 42 08.07 03.93 4.14 31 46 43.62 42.60 1.20 1.02
242 14 50 22.88 25.07 -2.19 34 05 16.26 18.19 -1.93 -1.87
410 15 30 41.29 38.68 2.61 36 15 10.71 09.31 1.40 1.35
420 16 36 53.07 55.47 -2.40 36 15 15.34 14.16 1.18 1.13
431 17 35 33.52 35.91 -2.39 36 02 20.16 17.87 2.29 2.18
446 18 42 35.59 35.26 0.33 37 06 22.68 08.75 13.93 13.19
457 19 30 06.36 05.34 1.02 37 15 50.20 37.05 13.15 12.40
466 20 20 13.74 13.76 -0.02 37 06 29.67 23.91 5.76 5.42
474 21 05 08.76 11.70 -2.94 37 06 35.80 26.57 9.23 8.61
491 22 18 56.56 51.13 5.43 36 30 55.15 45.17 9.98 9.23
496 22 32 27.71 25.83 2.88 35 53 40.94 36.96 3.98 3.68
2092 15 31 33.88 35.33 1.45 32 34 60.03 56.21 3.82 3.68
2259 18 10 15.81 19.59 -3.78 37 33 43.91 32.48 11.43 10.85
2271 18 06 49.80 51.42 -1.62 36 18 49.63 42.48 7.15 6.80
2285 17 23 15.65 17.57 -1.92 37 21 21.50 17.81 3.69 3.52
205 15 43 13.20 14.50 -1.30 31 45 41.00 41.20 -0.20 -0.19
206 16 01 37.80 38.80 -1.00 31 49 02.80 00.10 2.70 2.60
213 15 42 46.60 58.20 -1.60 32 24 50.20 48.90 1.30 1.29
217 16 14 31.14 31.86 -0.72 32 40 55.00 51.84 3.16 3.03
218 16 09 49.91 49.10 0.82 32 45 19.89 20.06 -0.17 -0.16
241 14 51 26.23 28.17 -1.94 34 57 46.26 48.39 -2.13 -2.06
301 13 24 17.45 16.15 1.30 29 22 10.99 05.76 5.23 5.09
305 13 16 22.01 21.53 0.48 28 .48 41.10 39.84 1.26 1.23
308 13 14 20.13 20.05 0.08 28 25 24.27 24.75 -0.48 -0.47
309 13 22 03.59 03.76 -0.17 27 58 36.40 33.55 2.85 2.77
313 13 26 15.93 18.67 -2.74 27 36 08.72 05.52 3.20 3.11
325 13 39 46.59 48.71 -2.12 26 26 51.02 46.66 4.36 4.24
331 13 39 32.49 36.17 -3.68 25 46 10.95 05.10 5.85 5.68
337 13 33 56.02 56.78 -0.76 25 13 20.34 14.43 5.91 5.74
342 13 25 06.47 02.70 3.77 24 44 08.13 00.36 7.77 7.56


